LSST Auxiliary Telescope, 2021 6 25 UTC 18 31 53
: ALTAZ
: ROTNL
-30 14 40.3
211.6541219 63.5544684 211.5256953 63.6238333 197.3756750
215.7294375 61.3162868 215.5993742 61.3856470 187.8966918
266.3934696 71.1591482 266.3967467 71.2686423 341.1535698
122.1556369 65.9956974 122.1691963 66.0677229 334.5624359
147.5236432 50.5140531 147.4147570 50.5870573 318.5449752
131.1346010 62.5444415 131.0272349 62.6114468 317.8810499
000.8994931 18.6648127 000.8116712 18.7342805 288.5506731
023.3978698 31.4645197 023.3162767 31.5141023 301.4463221
043.1438521 47.6564600 043.0607925 47.7233927 317.6581490
070.8599785 71.1165951 070.8077991 71.1906193 341.1874159
090.5118700 21.2322937 090.4242131 21.2585451 291.2711558
112.4385594 29.0827015 112.3461101 29.1062639 299.1940434
135.9640491 44.8671117 135.8556235 44.9093464 315.0643597
156.5072130 69.7529847 156.3711077 69.8237318 340.0305850
179.7008369 20.2830444 179.6036099 20.3150778 290.2730180
201.9033473 30.5462149 201.7982659 30.5861104 300.6129018
223.0120814 45.0569955 222.8892347 45.1255120 315.1832340
251.4960881 69.2486403 251.3482462 69.3511911 339.3127142
270.5174418 19.9096556 270.4216819 19.9714433 289.9098489
291.9981241 28.5940159 291.9033485 28.6579307 298.6019532
312.0548760 45.9667401 311.9550053 46.0551852 315.9484251
331.9542651 69.0525706 331.8793651 69.1574427 338.9055821
268.3861398 18.7638334 268.2879263 18.8428257 288.7238688
304.6703994 21.1536924 304.5771379 21.2243522 291.4444172
341.3845502 21.7224887 341.3700906 21.8578741 291.5993818
017.9144776 23.7859198 017.8297313 23.8368929 293.5780779
053.2885309 26.8644181 053.2045500 26.9013347 296.5611191
087.7139080 30.2418594 087.6254130 30.2683916 299.8920449
126.6996025 30.1023588 126.6010949 30.1249867 299.7802479
162.3664599 31.5643534 162.2605651 31.5934038 301.3794682
200.1615877 34.4768397 200.0504317 34.5165820 304.2561411
233.3181090 36.2055753 233.2038079 36.2577278 306.1259614
288.0823105 37.6388217 287.9811309 37.7020816 307.8329604
009.7035954 41.7222601 009.6206354 41.7792885 311.6635913
049.4363874 43.9570812 049.3534820 44.0067027 313.6751767
091.1678164 46.4450587 091.0726256 46.4911658 316.0961571
128.0976707 47.4031686 127.9853281 47.4500087 317.0932836
170.3055214 48.5354817 170.1764369 48.5957416 318.3603164
207.5602086 50.2223231 207.4227246 50.3012549 320.2025543
251.0551325 53.9403428 250.9260131 54.0432666 324.0495973
327.1866795 51.9097934 327.0856975 52.0117556 322.5600419
029.1581316 55.9148071 029.0923593 56.0047543 325.7664533
086.1593912 61.0250437 086.0842722 61.0939928 330.6401660
152.1750516 62.1819994 152.0542256 62.2510718 331.8096903
208.0824759 65.0424399 207.9378932 65.1283984 335.0073710
267.8702654 69.3058747 267.7406484 69.4132327 339.6153815
329.9298479 68.7917580 329.8562740 68.8961335 094.9312598
224.7955893 21.1673444 224.6961241 21.2170522 291.0582469
244.3907147 36.0600223 244.2810432 36.1167937 306.3187731
262.2155483 21.2097690 262.1204680 21.2727828 291.3985564
287.0719173 53.5229388 286.9606345 53.6310706 324.0988383
285.3447964 39.4101717 285.2465045 39.4708257 309.6264271
296.9611267 22.6209441 296.8724165 22.6858019 292.7653827
324.8934442 39.7242810 324.8042818 39.7909910 309.8750439
332.8380973 24.0321734 332.7551834 24.0925417 294.0843298
346.3629937 56.4902073 346.2835504 56.5926260 326.6281406
003.1859215 44.4840735 003.1071845 44.5479241 314.4664603
007.8411691 29.2575595 007.7636139 29.3099618 299.2276329
046.4824101 59.9417509 046.4174824 60.0232676 329.8298066
042.9289851 28.8771695 042.8518630 28.9191662 298.8216796
042.1280242 44.6033537 042.0497025 44.6658107 314.4893849
080.1698198 32.4416072 080.0914135 32.4769177 302.3466525
084.5763805 46.0035224 084.4887720 46.0570011 315.8747744
106.3005043 63.1393065 106.2066266 63.2047292 332.9712327
117.0284705 31.8610483 116.9817610 31.8194237 301.7345292
127.1460478 49.0231163 127.0372759 49.0839038 318.9831061
152.9044805 35.2537939 152.8041189 35.2792223 305.2384709
169.6222125 66.7078431 169.4795308 66.7805345 336.7653439
165.8101073 50.6869810 165.6870530 50.7452159 320.7859017
190.1840220 35.5131550 190.1267747 35.4947969 305.2028500
207.8269618 53.9786495 207.7766738 54.0153491 323.9860750
224.9891364 68.0392431 224.8294433 68.1310381 338.5268301
223.1515586 59.0801101 223.0128841 59.1731956 329.2178830
286.1245972 60.3553334 285.9953301 60.4481084 330.3723030
335.1086539 69.4595433 335.0306222 69.5648488 339.4480342
349.1398563 60.3692782 349.0629009 60.4716823 330.1820661
048.0387558 63.6111280 047.9777000 63.6925215 333.5041103
053.8668643 75.5690811 053.8268221 75.6488546 345.1463561
066.1375752 72.8093759 066.0831305 72.8846189 342.5067211
109.2646739 63.7626145 109.1685032 63.8280592 333.6838940
162.2917755 73.7862327 162.1241290 73.8580575 343.8541697
169.0426001 64.9454170 168.9018765 65.0181382 335.2132120
170.5282950 82.1903344 170.2449076 82.2626374 352.8685998
234.9880307 67.2769335 234.8301810 67.3738334 337.3891348
246.4278218 77.2696380 246.2185211 77.3702752 347.6917368
275.5686502 84.0370851 275.2790450 84.1406202 355.0343594
271.0804678 75.5273673 270.9116325 75.6348515 345.7078892
347.5930072 78.0116004 347.5276812 78.1136567 348.2039456
063.2105358 79.5731610 063.1696898 79.6491988 349.4785703
123.9909411 81.6976576 124.2226602 81.7843740 351.1802723
209.5329046 81.5804050 209.2242148 81.6660179 351.5317168
282.4976331 83.3477486 282.2546730 83.4522127 354.5148414
172.0609017 80.8090353 171.8263937 80.8790949 346.3250898
159.4267780 73.5229885 159.2790671 73.5904216 343.6914120
213.7360761 79.0472764 213.5136062 79.1342671 349.5689014
282.0540949 74.7183736 281.9270471 74.8245803 345.7367087
343.2169607 78.4376978 343.1773887 78.5390456 349.0663998
343.4939360 80.7129210 343.4691516 80.8160968 350.6847510
038.1651022 79.4461773 038.1738368 79.5297546 349.3734023
093.5320259 83.2410863 093.4833642 83.3083289 352.4912381
176.0306709 85.1599543 175.6618374 85.2362097 354.6871267
158.7570871 20.0171106 158.6881134 20.0682030 289.2335071
197.7155763 21.6204140 197.6542111 21.6727245 290.9969464
232.4182145 25.7613909 232.3234069 25.8735476 295.2350029
266.9131906 26.6293091 266.8243685 26.7540090 296.0739717
303.7863751 29.6888730 303.7046992 29.7991314 299.0989117
338.7599101 30.4523037 338.6848207 30.5541885 299.7747505
016.1847235 35.4993267 016.1160043 35.5882327 304.7505796
051.1883155 36.0424297 051.1202466 36.1172997 305.2090714
088.4653383 40.3056060 088.3907420 40.3645946 309.4593621
123.3266054 43.3991366 123.1694099 43.5093533 312.6790252
181.1479965 41.9982535 181.0467319 42.0625239 311.2621784
225.2074167 45.3566977 225.0987835 45.4380078 314.8876942
271.8789977 48.7774707 271.7778906 48.8838845 318.5017110
319.7490669 49.9485364 319.6663846 50.0584723 319.6091951
359.7090027 54.1778550 359.6395110 54.2771595 323.7668279
049.8960670 58.4362313 049.8365687 58.5154830 327.9435884
093.7712796 60.1660150 093.6073693 60.2323128 329.7021283
137.9748255 65.4284118 137.8628649 65.4927994 335.0893543
233.6310593 62.9111700 233.4953478 63.0059866 332.8455699
302.6806182 67.2369860 302.5866764 67.3432348 338.0752735
011.8611864 72.6860875 011.8264705 72.7789723 342.7996101
086.7104935 79.4373610 086.6670107 79.5049943 348.9957964
084.9480343 81.1793088 084.8366640 81.2367008 001.4596357
224.2658165 56.3559239 224.1225867 56.4569576 353.3412372
147.5046173 40.9473088 147.4297825 41.0002298 357.5441132
260.1683634 54.0232577 260.0505427 54.1299262 322.7993184
259.2836130 51.5255990 259.1754538 51.6202946 319.5307325
257.9965615 47.9297030 257.8715215 48.0310325 314.8396263
255.1790274 40.2966548 255.0826832 40.3834046 355.2826113
END